url,http_status,is_active,has_redirect,error
https://www.reddit.com,403,1,0,
https://www.wikipedia.org,200,1,0,
https://www.amazon.com,200,1,0,
https://www.youtube.com,200,1,0,
https://www.google.com,200,1,0,
https://www.google.co.in,200,1,0,
https://www.facebook.com,400,1,0,
https://www.twitter.com,400,1,0,HTTP Error: 400 Got more than 8190 bytes (8619) when reading Header value is too long.
https://www.taobao.com,200,1,0,
https://www.google.co.jp,200,1,0,
https://www.tmall.com,200,1,0,
https://www.yahoo.com,200,1,0,
https://www.qq.com,200,1,0,
https://www.baidu.com,200,1,0,
